9
13
17
24
32
27
32
33
31
34
28
28
25
18
19
20
18
17
9
10
15
17
15
11
8
10
8
9
7
5
12
12
7
5
7
6
9
5
4
5
1
2
4
3
8
4
1
7
4
4
9
3
1
3
4
7
3
1
4
4
4
4
3
4
3
3
7
2
1
2
3
0
3
1
1
0
0
0
1
3
2
4
2
2
2
1
4
0
4
2
3
0
1
2
0
3
4
2
0
1
1
2
2
1
1
2
2
2
0
0
3
3
3
0
2
4
2
0
1
0
1
2
2
0
0
1
1
2
1
0
0
1
1
2
0
1
0
0
1
1
0
1
1
1
0
1
0
0
0
0
2
0
0
1
1
0
1
0
1
0
1
0
0
0
0
0
1
0
0
0
0
0
0
0
0
0
0
0
0
0
0
0
0
0
0
0
0
0
0
0
0
0
0
0
0
0
0
0
0
0
0
0
0
0
0
0
0
0
0
0
0
0
0
0
0
0
0
0
0
0
0
0
0
0
0
0
0
0
0
0
0
0
0
0
0
0
0
0
0
0
0
0
0
0
0
0
0
0
0
0
0
0
0
0
1
